|01000|02000|02100|02200|02600|02700
01000|0.0|14.0|40.0|29.0|16.0|16.0
02000|14.0|0.0|45.0|38.0|14.0|12.0
02100|40.0|45.0|0.0|16.0|34.0|46.0
02200|29.0|38.0|16.0|0.0|37.0|40.0
02600|16.0|14.0|34.0|37.0|0.0|17.0
02700|16.0|12.0|46.0|40.0|17.0|0.0
