|01000|02000|02100|02200|02600|02700
01000|0.0|877.0|2417.0|1745.0|973.0|1009.0
02000|877.0|0.0|2752.0|2283.0|890.0|720.0
02100|2417.0|2752.0|0.0|1010.0|2071.0|2799.0
02200|1745.0|2283.0|1010.0|0.0|2267.0|2454.0
02600|973.0|890.0|2071.0|2267.0|0.0|1035.0
02700|1009.0|720.0|2799.0|2454.0|1035.0|0.0
